name: {{cookiecutter.project_name}}
channels:
  - conda-forge
  - defaults
dependencies:
  - alembic=1.10.3=pyhd8ed1ab_0
  - amqp=5.1.1=pyhd8ed1ab_0
  - anyio=3.6.2=pyhd8ed1ab_0
  - backports=1.0=pyhd8ed1ab_3
  - backports.functools_lru_cache=1.6.4=pyhd8ed1ab_0
  - billiard=3.6.4.0=py310h8d17308_3
  - brotlipy=0.7.0=py310h8d17308_1005
  - bzip2=1.0.8=h8ffe710_4
  - ca-certificates=2022.12.7=h5b45459_0
  - celery=5.2.7=pyhd8ed1ab_0
  - certifi=2022.12.7=pyhd8ed1ab_0
  - cffi=1.15.1=py310h628cb3f_3
  - charset-normalizer=3.1.0=pyhd8ed1ab_0
  - click=8.1.3=win_pyhd8ed1ab_2
  - click-didyoumean=0.3.0=pyhd8ed1ab_0
  - click-plugins=1.1.1=py_0
  - click-repl=0.2.0=pyhd8ed1ab_0
  - colorama=0.4.6=pyhd8ed1ab_0
  - cryptography=40.0.1=py310h6e82f81_0
  - fastapi=0.95.0=pyhd8ed1ab_0
  - greenlet=2.0.2=py310h00ffb61_0
  - h11=0.14.0=pyhd8ed1ab_0
  - idna=3.4=pyhd8ed1ab_0
  - importlib-metadata=6.3.0=pyha770c72_0
  - importlib_resources=5.12.0=pyhd8ed1ab_0
  - kombu=5.2.4=py310h5588dad_2
  - krb5=1.20.1=heb0366b_0
  - libffi=3.4.2=h8ffe710_5
  - libpq=15.2=ha9684e8_0
  - libsqlite=3.40.0=hcfcfb64_0
  - libzlib=1.2.13=hcfcfb64_4
  - mako=1.2.4=pyhd8ed1ab_0
  - markupsafe=2.1.2=py310h8d17308_0
  - openssl=3.1.0=hcfcfb64_0
  - pip=23.0.1=pyhd8ed1ab_0
  - prompt-toolkit=3.0.38=pyha770c72_0
  - prompt_toolkit=3.0.38=hd8ed1ab_0
  - psycopg2=2.9.3=py310h709a2f1_2
  - pycparser=2.21=pyhd8ed1ab_0
  - pydantic=1.10.7=py310h8d17308_0
  - pyopenssl=23.1.1=pyhd8ed1ab_0
  - pysocks=1.7.1=pyh0701188_6
  - python=3.10.10=h4de0772_0_cpython
  - python_abi=3.10=3_cp310
  - pytz=2023.3=pyhd8ed1ab_0
  - requests=2.28.2=pyhd8ed1ab_1
  - setuptools=67.6.1=pyhd8ed1ab_0
  - six=1.16.0=pyh6c4a22f_0
  - sniffio=1.3.0=pyhd8ed1ab_0
  - sqlalchemy=2.0.9=py310h8d17308_0
  - starlette=0.26.1=pyhd8ed1ab_0
  - tk=8.6.12=h8ffe710_0
  - typing-extensions=4.5.0=hd8ed1ab_0
  - typing_extensions=4.5.0=pyha770c72_0
  - tzdata=2023c=h71feb2d_0
  - ucrt=10.0.22621.0=h57928b3_0
  - urllib3=1.26.15=pyhd8ed1ab_0
  - uvicorn=0.21.1=py310h5588dad_0
  - vc=14.3=hb6edc58_10
  - vine=5.0.0=pyhd8ed1ab_1
  - vs2015_runtime=14.34.31931=h4c5c07a_10
  - wcwidth=0.2.6=pyhd8ed1ab_0
  - wheel=0.40.0=pyhd8ed1ab_0
  - win_inet_pton=1.1.0=pyhd8ed1ab_6
  - xmltodict=0.13.0=pyhd8ed1ab_0
  - xz=5.2.6=h8d14728_0
  - zipp=3.15.0=pyhd8ed1ab_0
prefix: C:\ProgramData\Anaconda3\envs\{{cookiecutter.project_name}}
